[0, 5035171, '6.61', 337.42999999999995, 725.7200000000003, 2.150727558308391]
[1, 5035172, '1.74', 363.1000000000002, 240.69, 0.6628752409804458]
[2, 5035173, '1.00', 442.34000000000015, 0, 0.0]
[3, 5035174, '8.84', 370.94, 704.0999999999999, 1.8981506443090523]
[4, 5035175, '1.23', 288.46000000000004, 90.39999999999999, 0.3133883380711363]
[5, 5035176, '15.66', 356.02, 686.07, 1.9270546598505705]
[6, 5035177, '1.18', 349.92999999999995, 33.15, 0.09473323236075787]
[7, 5035178, '1.00', 318.0799999999999, 0, 0.0]
[8, 5035179, '7.27', 415.6900000000001, 802.5800000000002, 1.9307176020592267]
[9, 5035180, '1.71', 412.7499999999999, 237.52000000000007, 0.5754572986069052]
[10, 5035181, '2.18', 386.97999999999996, 413.72999999999996, 1.0691250193808466]
[11, 5035182, '1.23', 335.18, 130.66000000000003, 0.3898203950116356]
[12, 5035183, '1.43', 368.11000000000007, 172.67000000000002, 0.46907174485887365]
[13, 5035184, '1.66', 429.22999999999985, 380.42, 0.8862847424457754]
[14, 5035185, '6.08', 364.43, 740.8699999999999, 2.0329555744587435]
[15, 5035186, '1.01', 363.0, 7.12, 0.019614325068870522]
[16, 5035187, '1.59', 342.09000000000003, 266.45000000000005, 0.7788885965681547]
[17, 5035188, '3.65', 425.62000000000006, 747.3800000000003, 1.7559795122409667]
[18, 5035189, '6.75', 331.70000000000005, 691.8800000000001, 2.0858607175158275]
[19, 5035190, '13.39', 366.79, 719.8399999999999, 1.9625398729518249]
[20, 5035191, '10.97', 325.14000000000004, 596.5899999999997, 1.8348711324352576]
[21, 5035192, '4.10', 503.0400000000001, 981.15, 1.9504413167938928]
[22, 5035193, '11.50', 270.45, 566.5800000000003, 2.094952856350528]
[23, 5035194, '1.30', 405.6, 209.16000000000008, 0.5156804733727812]
[24, 5035195, '2.14', 408.44999999999993, 358.21, 0.876998408617946]
[25, 5035196, '3.54', 422.0999999999999, 722.0600000000002, 1.710637289741768]
[26, 5035197, '4.08', 288.6700000000001, 580.95, 2.0125056292652506]
[27, 5035198, '1.16', 378.09000000000003, 113.08000000000001, 0.2990822290988918]
[28, 5035199, '2.13', 361.56, 327.3, 0.9052439429140392]
[29, 5035200, '1.00', 338.75, 0, 0.0]
